218 250 250 218
234 250 250 234
250 42 42 250
250 255 255 255
250 240 240 240
42 32 32 32
10 255 255 10
10 208 208 10
10 112 112 10
218 10 10 218
234 154 154 234
250 154 154 250
0 0 0 0
240 240 240 240
15 15 15 15
0 15 15 0
0 15 15 0
255 255 255 255
240 240 240 240
240 240 240 240
15 15 15 15
240 255 240 255
0 15 0 15
15 15 15 15
208 144 64 0
239 207 127 47
240 224 192 80
144 79 15 0
207 127 47 47
224 207 95 80
144 64 64 0
207 127 127 47
224 192 192 80
208 79 223 176
239 127 239 223
240 207 255 224
255 255 255 255
240 240 0 240
240 240 16 240
255 223 79 223
240 206 126 206
240 205 205 205
223 223 223 223
192 206 206 206
192 205 205 205
255 15 255 15
240 0 240 0
240 0 240 0
160 224 112 160
160 224 112 160
160 224 112 160
160 160 160 175
160 160 160 174
160 160 160 173
160 255 255 175
160 254 254 174
160 253 253 173
160 240 240 160
160 240 240 160
160 240 240 160
208 125 221 208
224 174 238 224
240 79 255 240
208 125 125 208
224 174 174 224
240 79 79 240
112 192 144 112
160 80 192 160
64 32 80 64
176 205 189 176
192 94 206 192
224 47 239 224
189 189 189 253
222 222 222 14
239 239 239 31
189 247 247 189
222 10 10 222
239 20 20 239
189 247 183 253
222 10 218 14
239 20 228 31
253 253 173 173
14 14 174 174
31 31 175 175
253 253 253 253
238 238 238 238
223 223 223 223
253 121 185 189
238 92 140 142
223 21 21 31
253 189 253 253
238 142 254 254
223 31 255 255
125 185 121 249
126 140 124 252
127 21 117 245
255 255 255 255
14 14 14 14
13 13 13 13
15 11 11 15
254 248 248 254
13 1 1 13
15 15 15 15
14 14 14 14
253 253 253 253
255 251 251 251
254 248 248 248
13 1 1 1
223 159 79 15
239 207 127 47
240 224 192 80
159 79 15 15
207 127 47 32
224 192 80 80
159 79 79 15
207 112 112 32
224 192 192 80
223 79 223 191
239 127 239 223
240 192 240 224
160 224 112 160
160 224 112 160
175 239 127 175
160 169 169 160
160 172 172 160
175 174 174 175
160 240 240 160
160 240 240 160
175 255 255 175
160 249 240 169
160 252 240 172
175 254 255 174
